0018
0924
0775
0578
0768
0477
0229
0984
0308
0685
0439
0843
0652
0210
0190
0863
0192
0722
0795
0430
0106
0814
0225
0559
0340
0514
0034
0283
0492
0330
0212
0807
0368
0621
0148
0810
0309
0501
0057
0736
0527
0367
0847
0694
0650
0630
0888
0530
0198
0280
0586
0445
0599
0162
0415
0185
0404
0516
0758
0211
0139
0410
0543
0289
0579
0223
0257
0800
0274
0739
0925
0737
0174
0224
0555
0202
0899
0083
0590
0731
0401
0077
0145
0386
0842
0953
0054
0380
0935
0059
0155
0070
0677
0690
0021
0184
0239
0923
0434
0343
0381
0431
0191
0156
0618
0232
0588
0176
0637
0828
0774
0481
0333
0864
0227
0539
0093
0485
0170
0024
0970
0570
0901
0942
0766
0836
0023
0507
0811
0187
0099
0360
0587
0206
0105
0127
0143
0796
0377
0396
0459
0454
0152
0883
0681
0606
0725
0116
0941
0321
0601
0991
1000
0926
0615
0626
0575
0646
0203
0394
0505
0868
0624
0052
0903
0499
0540
0231
0643
0169
0730
0698
0981
0098
0876
0080
0787
0389
0004
0429
0592
0848
0279
0815
0104
0188
0850
0628
0822
0617
0043
0557
0427
0550
0296
0074
0150
0715
0118
0520
0101
0428
0075
0339
0741
0976
0228
0267
0391
0990
0413
0082
0326
0989
0114
0435
0272
0218
0564
0760
0746
0733
0805
0971
0762
0384
0692
0951
0682
0233
0276
0713
0750
0885
0468
0045
0748
0749
0371
0752
0887
0194
0996
0066
0898
0462
0141
0531
0783
0892
0545
0877
0260
0915
0495
0134
0108
0634
0315
0299
0889
0745
0870
0107
0779
0432
0563
0568
0744
0398
0128
0718
0117
0213
0334
0969
0261
0135
0678
0962
0740
0246
0502
0719
0612
0854
0331
0665
0616
0813
0562
0494
0975
0503
0350
0243
0871
0014
0332
0552
0829
0820
0132
0992
0686
0102
0357
0769
0710
0803
0171
0801
0383
0005
0166
0448
0522
0938
0845
0732
0565
0753
0020
0702
0084
0405
0827
0917
0277
0036
0012
0872
0449
0183
0130
0764
0019
0699
0891
0453
0318
0294
0857
0521
0818
0062
0632
0765
0242
0286
0245
0138
0529
0751
0809
0498
0633
0379
0844
0397
0006
0200
0669
0928
0929
0480
0554
0325
0658
0781
0312
0964
0484
0411
0674
0589
0932
0317
0647
0173
0960
0278
0329
0354
0126
0849
0934
0548
0159
0937
0273
0988
0635
0959
0954
0794
0532
0995
0085
0668
0567
0869
0982
0324
0945
0255
0684
0252
0438
0201
0342
0470
0259
0100
0636
0890
0895
0407
0451
0695
0724
0931
0966
0786
0113
0611
0497
0773
0629
0880
0534
0949
0025
0205
0378
0627
0037
0619
0569
0436
0478
0302
0444
0363
0473
0496
0489
0977
0154
0789
0726
0651
0313
0792
0832
0556
0056
0625
0048
0974
0081
0551
0310
0358
0642
0553
0423
0112
0153
0797
0235
0755
0912
0735
0051
0705
0973
0596
0799
0441
0819
0251
0284
0344
0094
0450
0610
0983
0714
0614
0967
0623
0666
0420
0856
0994
0902
0791
0009
0361
0946
0050
0220
0442
0403
0761
0467
0544
0216
0416
0160
0306
0874
0549
0026
0253
0906
0837
0136
0952
0767
0373
0376
0474
0425
0927
0044
0096
0873
0390
0086
0297
0816
0535
0486
0124
0110
0561
0392
0063
0742
0345
0861
0566
0914
0784
0133
0365
0254
0673
0723
0208
0421
0754
0708
0916
0366
0305
0716
0282
0638
0249
0711
0980
0175
0683
0457
0388
0140
0298
0747
0660
0648
0662
0460
0936
0603
0076
0968
0370
0547
0508
0447
0909
0696
0092
0771
0458
0700
0879
0122
0322
0256
0518
0115
0594
0418
0680
0886
0913
0437
0364
0835
0882
0328
0372
0387
0894
0707
0030
0291
0585
0679
0013
0395
0301
0930
0542
0956
0999
0151
0817
0226
0316
0209
0519
0500
0046
0591
0506
0998
0304
0348
0195
0738
0165
0465
0734
0609
0095
0129
0266
0533
0580
0717
0593
0022
0287
0922
0881
0244
0199
0193
0475
0853
0933
0482
0512
0247
0161
0727
0412
0078
0804
0823
0258
0040
0240
0163
0038
0670
0812
0290
0743
0033
0288
0905
0230
0838
0207
0061
0878
0919
0841
0948
0426
0676
0355
0089
0359
0558
0493
0940
0834
0860
0204
0362
0419
0323
0855
0659
0120
0402
0167
0846
0509
0639
0605
0756
0400
0667
0802
0079
0504
0701
0356
0490
0347
0417
0088
0189
0320
0689
0721
0955
0196
0491
0337
0780
0476
0526
0131
0759
0385
0875
0517
0285
0010
0424
0656
0250
0572
0483
0821
0300
0965
0691
0993
0839
0600
0943
0281
0865
0433
0712
0693
0979
0757
0375
0408
0414
0788
0157
0704
0001
0271
0830
0904
0314
0461
0649
0031
0168
0978
0179
0597
0262
0798
0840
0546
0720
0641
0985
0598
0528
0581
0109
0472
0900
0907
0238
0035
0851
0123
0806
0808
0897
0027
0510
0008
0111
0119
0469
0571
0053
0158
0180
0292
0049
0215
0181
0640
0029
0039
0087
0374
0604
0071
0576
0072
0986
0041
0353
0125
0515
0017
0574
0263
0147
0961
0146
0536
0311
0645
0214
0595
0782
0664
0269
0234
0644
0541
0248
0958
0859
0471
0142
0479
0455
0015
0270
0607
0963
0182
0939
0422
0069
0121
0947
0675
0352
0090
0972
0237
0944
0777
0236
0825
0583
0608
0341
0409
0653
0908
0577
0319
0067
0222
0073
0349
0921
0862
0729
0327
0957
0573
0654
0091
0028
0671
0833
0513
0456
0103
0826
0264
0524
0866
0688
0655
0793
0582
0164
0178
0338
0487
0336
0613
0221
0537
0831
0303
0382
0790
0241
0293
0003
0763
0538
0709
0055
0177
0042
0560
0852
0918
0346
0911
0776
0703
0987
0697
0060
0443
0186
0335
0464
0032
0785
0219
0002
0663
0440
0265
0858
0893
0706
0661
0772
0393
0778
0064
0097
0351
0452
0950
0728
0910
0824
0622
0620
0217
0007
0867
0369
0144
0657
0631
0463
0016
0672
0295
0065
0511
0058
0011
0197
0602
0446
0687
0896
0466
0399
0920
0525
0584
0268
0068
0406
0172
0997
0523
0275
0307
0149
0047
0488
0770
0884
0137
