2560
5212
2101
4473
4036
2497
8257
8141
1321
4262
5012
0588
2354
6489
4259
2991
5896
1929
5609
1228
2527
3859
6367
0986
6315
4915
8117
3126
1522
4592
2504
5153
2356
6354
8122
8033
6335
4007
1873
6563
0522
3469
4037
6118
4638
0518
2467
5954
4854
5155
5573
5214
0562
0528
3382
5425
1330
3749
1971
3332
2850
4327
6703
4185
3841
4344
6389
1573
1369
3982
8177
2677
4799
6569
5684
1759
2584
6602
5563
6212
5817
2500
7037
6642
5603
5585
0250
4891
0874
6466
5566
4599
4177
2820
5028
4914
1170
1432
1166
1961
3991
7024
4138
2311
3108
2981
2683
1413
3216
0137
6496
2477
0144
1928
1598
3745
4811
2079
6306
4523
5667
2312
1843
6152
0168
2547
7016
3866
4279
2834
2412
5157
2826
2513
5470
3755
1334
1389
0907
3821
0923
5789
3176
2314
8148
0513
1583
8127
3039
2824
1879
1352
0612
8226
2041
2503
5692
2845
4593
2549
3305
5547
1523
3610
6109
3789
1588
5941
1184
3146
2450
2942
6009
2305
3524
4791
4632
0076
2635
4347
3431
3622
9021
6132
5530
6176
5095
0147
3266
6377
5119
3057
1460
0633
0357
3017
4098
2785
3051
0573
0767
3595
0005
6063
1392
1589
3623
0561
3053
2945
3565
6387
2277
4690
8015
2261
5884
0194
4078
1144
8182
2581
2124
5192
0021
5177
0939
1763
5151
1442
6265
5481
9022
4601
0391
5681
6413
2562
5856
2715
4100
4255
1916
9035
4870
5509
3368
6215
6362
3590
1984
2885
3959
0330
5458
6223
1506
0532
6572
5868
1888
5792
1514
6644
2812
6546
4065
1252
1584
4154
6259
5571
3375
0888
6106
1736
2580
0090
0091
4067
6232
1171
0942
3528
0534
9020
3428
6157
1453
1558
0387
4004
5719
6328
4353
1510
3026
5093
5389
5584
5327
3874
1665
6243
1143
4580
5461
6695
4692
1811
1262
1889
8265
1475
3110
5099
1000
5835
1704
2617
5142
5605
1477
1527
1176
5413
5873
4694
3706
5454
1524
3407
5500
3809
0423
0632
3994
0350
2569
1910
3143
6083
2388
0882
2559
0228
5972
5947
2038
2337
0743
2320
0824
1379
8057
6041
3276
1953
5536
6024
1957
5655
1501
8085
8218
2599
6559
2240
1236
3817
5510
2754
5834
2187
6622
5430
4539
5096
6104
6612
1682
1548
4040
5265
5164
2294
9026
0769
2284
6039
1840
1714
6158
8060
3792
1213
5484
6478
5859
1085
3896
2300
1711
2289
4345
5312
0834
1581
1956
4000
2485
7015
1306
0553
0267
2423
3570
0927
1225
5031
9015
9017
5227
4376
4390
5444
5599
0405
8003
5307
0716
5777
1380
2702
6292
3701
2013
3303
2338
4855
3604
0448
3200
4557
5141
4761
0806
4106
0952
6398
6621
4035
0070
1100
1172
6529
3310
1826
3363
2125
5917
3271
0192
3671
4178
8119
1720
1099
6376
1838
5702
3638
0010
3327
5913
6064
3923
1474
6088
6422
3302
3448
6344
2510
3670
0507
5465
6661
2499
7004
1156
1824
0393
3948
2622
6673
2541
2792
1049
5302
1560
1675
5716
6295
2296
4778
1724
6582
2773
4691
3335
5680
3483
1277
6683
3384
5689
5298
5143
0012
3155
1196
8092
5900
5574
3326
1731
5826
3733
2481
6384
4708
1410
4046
2540
3703
3597
2461
2473
4850
3496
5197
6196
8051
5174
1790
5998
0311
0496
5608
5165
0700
5022
0921
5738
4526
0500
6626
6657
8238
0476
0290
2530
3036
3391
2811
2049
4394
1528
5723
4179
0722
4368
1469
4227
9055
2605
0436
0434
0208
0502
6130
7003
5103
2946
3600
5228
2234
5776
0265
5468
6615
6217
6195
0962
0890
0112
3715
1642
2779
4718
5240
4034
1019
1705
0647
6492
0444
1999
3659
2106
2470
2413
2997
2791
4826
6523
0331
1138
1657
2053
5085
5638
5360
3392
5217
6705
0597
1983
0944
0735
2306
8261
8220
3152
0398
3724
4885
0994
4474
0363
1111
0159
0837
2524
1989
0779
1772
6401
4299
3015
7033
0145
2621
6624
2211
4023
5130
2081
4906
2963
6513
3806
1818
6597
5922
1977
0651
7030
0325
6077
0332
5480
4329
4124
0417
1291
5438
5451
3791
8176
4490
1402
7020
5406
5640
6331
5965
9037
4030
5010
1788
0305
2004
5631
5091
6203
6037
5213
2551
0521
1830
1440
6393
1881
2285
2136
6185
1422
1340
0248
3878
4095
6586
6149
1559
0063
9056
1064
8210
5542
8229
8078
5502
6385
0338
4733
3526
6206
5865
0718
8240
4147
0461
1906
3456
3530
1496
1182
1068
5365
6679
0613
0951
2871
4326
1621
1054
1067
2148
1738
1248
0237
1173
8028
0244
1952
3449
2226
9053
6069
1885
1140
1859
3801
5933
5410
4547
6279
1272
1659
0138
2330
2968
2127
5516
8260
4813
8153
3579
0786
4654
0420
1892
1396
1481
5990
0229
4537
6148
1393
6113
8214
0795
5488
4700
0282
5964
0594
0983
4890
1295
5897
2058
1804
2046
3102
1618
3279
8164
1427
5717
5783
3052
5993
9019
1152
4402
1081
6365
0618
4527
3439
3433
1316
0663
3344
0201
4011
1004
1967
1593
0382
0140
1035
5747
1959
0328
3747
3465
6486
6610
5701
0299
4336
6241
5675
6155
3519
5712
3149
5204
0107
6702
3350
4672
1552
0270
4206
1641
3954
5469
5422
0982
5703
4795
8018
1944
2008
3137
1454
0546
5708
0008
4874
0088
2985
3055
3443
2682
0666
2336
2878
0467
1554
2585
5129
2593
3321
3608
4616
3182
1294
5420
0810
6399
0080
4861
4581
5248
4295
5729
0260
0297
4631
2872
2894
1568
4820
6160
8162
8109
0499
0897
0580
0712
5919
4590
2021
0431
0041
1597
8216
5991
5269
6059
1441
0379
6033
3222
3008
2447
3096
1223
2460
2780
5080
2404
0652
8224
1945
6353
6201
3020
5811
4530
1958
2026
6596
6079
6406
4068
2567
3445
0817
0429
5021
1899
5159
5117
3337
3430
5423
6432
5996
5713
4094
0868
0702
0360
0568
1578
0047
2905
2454
5531
4498
0833
5131
6613
0442
2010
3992
1348
0316
0178
0024
1395
6047
6219
3292
5170
4595
3811
3788
4536
2272
0302
2753
0836
2093
3572
5122
2247
5148
6696
0402
3885
4608
8010
5945
6010
4444
8064
6119
5261
1680
6510
6168
1834
2802
1502
0475
3694
3985
5698
2225
2663
9057
1174
4856
6123
5565
6370
5557
6270
4378
3427
1866
3647
2938
6053
3627
0508
0042
0432
2637
1722
6067
1178
8125
5189
5505
0110
0084
2718
2603
6211
0604
3651
5186
1709
1175
2686
2009
0599
4703
6707
3203
4411
5688
2216
3111
0118
8026
1655
0515
8036
5504
0251
2745
5540
4863
8012
3007
1079
4041
3460
3351
0933
5676
3554
1408
3560
1296
8208
5238
5558
5805
0819
5363
0757
5832
5324
1204
4818
4115
0830
6050
5140
1762
6585
6209
3726
5630
6095
6685
3910
0821
2120
2147
5526
1314
1337
1304
0116
5419
4208
4716
6016
3030
1255
4529
1222
8198
4083
5818
1181
0831
1660
5372
1006
1805
0032
5725
5388
2969
7002
1700
3249
2358
0935
6437
5586
1935
6159
6694
5121
8259
5424
1667
6595
2573
5598
4436
6397
5003
4875
2255
5116
3929
2959
5450
4449
5921
0384
2651
6554
2399
0687
4577
2917
6435
3545
6583
2422
3998
5875
5179
0600
2303
3230
3501
1237
5823
4417
5463
1532
2847
3594
6330
2429
4399
8168
6137
2194
7011
0353
6552
6600
0451
1770
6255
3160
1661
9030
0602
4005
0809
4219
6065
5268
1224
4253
0822
4579
2961
1165
2098
3264
1698
8049
6348
6379
1562
0464
3032
1512
5555
4883
0048
4242
4903
3318
5218
1538
5501
7031
2441
8235
6138
1010
3281
5494
8188
3121
5088
8017
0731
3533
8022
6361
2405
6674
3066
4102
9047
0801
2528
3632
2123
6501
0737
0665
1733
0440
2517
5839
6638
5652
6592
0340
5800
2648
5773
1623
4048
5492
1920
2252
5222
4310
6516
5707
1647
5809
2170
4907
9042
6111
0551
5013
3275
2348
0143
6403
1430
6653
1761
6629
8035
0570
3287
3556
1060
0899
6228
8097
0554
4282
5647
4301
5108
4911
6617
1373
0016
8159
2270
4405
5316
5611
1567
2011
5136
5264
2327
4233
5245
2491
3921
0261
3127
3369
4263
0274
0784
7017
2586
2495
4043
4346
0117
2907
1050
6484
2259
4214
4796
3939
3042
3697
0335
8077
5946
5889
4734
4380
3772
2706
1300
0264
6161
0426
0585
4369
0803
3815
1991
0960
3925
6338
6358
5236
0498
6709
0324
1775
5612
5772
2151
6216
0397
1485
6230
1849
5535
4306
4232
3244
3062
2761
1061
0352
2237
4564
4730
1609
1455
5337
3309
0386
1307
5857
6235
6449
2666
2755
8116
5448
6540
7029
4859
5764
0100
6594
4192
6327
1211
5846
2756
2962
3582
6291
4589
0279
0196
1026
1220
3689
0060
3523
5292
2774
3154
5187
4573
9001
4170
2288
3614
3464
6256
3919
2837
1813
5375
2380
0300
6434
3147
5541
3552
6302
5855
2424
2149
9038
5740
6310
2836
6333
4446
3516
0563
1797
6667
2717
5198
4143
5483
0134
3164
6519
3551
3151
3429
0455
3967
5306
1093
1646
3970
6090
2131
8207
2076
0108
2760
5383
1802
6036
6210
3621
8069
3185
2533
2108
3984
2269
3376
4418
4247
2821
6426
6453
2612
3253
4762
2671
5695
5399
2332
2100
1095
5617
3536
4893
9010
2694
2233
0815
2172
5766
2065
3074
0031
6650
1970
4123
0326
6443
2999
5106
4423
3001
1960
2973
1917
2097
0734
6675
5081
2918
0984
2263
2660
1520
0439
1996
1153
2854
3872
0961
0401
2943
9054
2698
3865
8225
2254
2025
5395
5005
1808
2389
0450
2462
2976
2539
1815
2690
5686
1041
2658
2733
4356
3503
1867
1918
2092
4136
8219
3534
8004
6285
5632
3420
5017
0691
3928
5250
1446
5004
6672
0667
1344
1109
2301
3463
2326
1003
0062
6078
8171
3635
0931
2570
0844
6605
1155
6357
0014
3538
6360
5281
0085
6428
6386
5224
5215
1356
1570
6162
1398
2757
3215
0452
2928
7039
0978
8120
8212
1620
7026
1397
5654
6017
3400
1893
5191
4578
2443
5029
6313
2054
5455
6628
6124
3834
0912
3669
5560
2738
6300
3288
4781
3591
3314
6637
4788
5115
5090
5582
1038
4186
5297
1955
6578
0489
5528
3122
5709
5181
7012
4181
5295
1008
0774
6471
1760
8201
0560
1486
5243
0445
3188
0247
1258
5435
2084
1338
1672
5278
4379
3396
4513
3124
2449
1676
2376
2431
1697
1526
8046
5490
2750
6485
6562
3422
4293
5661
0133
2451
2863
1998
7010
5759
4534
3864
5499
5804
4508
4862
8034
2740
0574
5518
1452
0280
1313
6134
4574
5094
5752
6319
1962
4434
4843
0111
0132
5751
2407
6192
6014
2456
5294
1390
2919
6395
6645
8055
7036
1951
0578
5299
3532
2480
0898
2425
8040
6497
6337
4798
0406
6164
2649
2521
1756
5335
4873
1631
1229
0537
6154
1479
2396
5795
0056
3338
5304
6022
2672
1372
2414
8121
2613
5493
6346
1521
0011
5815
5247
3239
0210
3254
2908
0891
3748
5718
0675
3136
0709
3995
1749
0029
1423
2719
6073
4709
6153
6006
5736
0004
4025
0629
0940
5008
0487
3713
6601
4246
4562
4532
2055
0073
2418
0258
0376
0425
3585
0083
0254
3355
3454
0381
3022
9027
0577
2479
4525
9005
0179
6482
5625
7008
3495
0504
8020
4483
8039
0976
5412
3829
0150
0383
3612
3983
6457
2965
4803
5956
5277
4520
6139
3628
7014
1328
1250
3756
9031
5570
2652
6392
6565
5878
4055
8199
6307
6444
0590
1133
4114
5006
6656
6334
2386
5829
6607
3949
3193
3711
1086
2177
1180
1668
3325
6571
2736
3487
3698
4899
3729
6179
1083
2669
0557
4442
0446
6654
2935
5325
0829
5293
1696
0552
5007
5899
2798
5371
5283
3607
6146
1909
2691
3316
6062
8175
0337
1240
2074
4261
0949
4622
0991
0275
1757
5260
2538
2579
0390
4594
5619
2653
5561
1221
1020
6495
0225
0471
1530
1499
0459
5209
5149
4664
5728
9052
2703
1062
6127
2325
4038
4531
2071
3290
8112
2531
5928
8239
4920
1649
3153
1159
5271
5794
4630
0948
3525
1746
0605
4211
0828
4258
6136
8029
5434
5765
2015
0007
1994
1080
0937
1965
2207
4234
5498
6143
8160
6666
0517
0646
5533
3072
1349
5663
0217
4159
5732
3272
6427
0946
5507
1800
5938
6221
2554
8050
1280
4045
8205
2109
3901
4135
1712
5863
2630
1114
4866
6274
6699
6351
5837
4066
3529
5618
3442
3112
3932
1616
6587
5600
1662
3918
6456
1861
1254
2016
5401
1669
6056
5207
1298
3905
5431
6051
3686
4514
5385
3341
1789
3161
1586
4801
0529
0662
0746
3232
2047
6544
4413
6108
3522
1747
0601
6659
3770
1217
1627
0142
2535
4008
4470
5206
1147
0725
4540
6670
0909
5403
1895
6481
1412
5537
7038
2735
1535
1232
8262
4361
5780
1884
5280
5576
1525
0759
6122
1600
3485
4797
5288
5748
2333
1767
4117
1345
4503
1732
1515
5042
0372
1842
8138
4884
2685
4029
4793
1046
5943
3568
1126
5253
5334
5778
5426
4505
3493
2264
5086
4218
6488
2624
4738
0095
1541
6269
5892
6262
2364
4674
2118
4808
2271
4260
3820
1089
5662
4812
2879
4131
2366
6383
7005
5882
1130
5935
2069
2693
2734
3424
0333
3006
2007
5974
1115
2260
3436
0239
4710
0998
1142
4640
4830
1666
1449
6634
3965
3571
6462
0240
3930
1327
5489
6126
4679
5767
5023
5471
3563
0205
2794
3616
8246
0293
2129
1946
3838
0848
0269
2360
0910
1154
4853
4283
4621
8227
6473
6470
2632
8111
2986
4566
6084
1394
0812
5150
3231
5642
1002
3586
0525
2160
3786
2487
1137
6591
0113
1683
0359
4727
2202
2250
0054
1470
5690
6045
3722
5887
1439
5249
4489
3251
5124
5927
3858
8006
0035
8145
4910
5392
6662
4039
3716
0497
4544
4880
1388
0098
6225
4602
1253
6231
5636
6704
4758
0061
0641
3693
4148
0798
4515
6226
3652
4243
4567
5503
5691
6558
5796
2777
4400
1768
3095
4285
3557
2369
2028
2444
5589
5909
2520
1493
0957
4328
3743
6454
1339
5567
1275
1671
4401
4133
2914
6655
2000
6272
1725
2061
5666
3974
2156
0253
1463
4216
2434
6321
1726
0206
1628
6611
2557
3457
3035
0129
0567
3158
3577
6402
0424
1188
3334
0592
3404
1417
4105
5658
1948
1303
1658
5968
4205
8255
6254
5833
5303
9046
4518
2363
2169
6686
0966
5030
1979
3047
1823
0213
3413
2357
3895
5216
4495
4189
4889
2509
3562
5255
4338
0730
4447
5075
6579
4472
5753
4047
1926
6194
3196
1551
4193
8110
6035
5442
1531
5950
4358
3846
3082
6074
6616
3300
6286
6599
6504
0870
3903
4020
6105
0329
4305
8090
6509
1887
3990
2469
8174
6400
5768
5477
4370
1055
5992
6288
2545
4726
5427
3479
3125
5453
0193
2287
5880
8108
3862
3976
6688
1347
3832
1784
6189
0392
6493
6089
2678
1451
0235
1150
0413
0349
8139
6238
0955
3346
2313
0151
1604
4294
4281
4651
1509
1414
3381
5332
6416
5762
6271
3330
6625
4026
8190
0559
3639
2644
8126
1777
3931
6085
5568
2031
1077
1185
5579
3830
1368
4231
2555
5161
3763
4406
3776
1836
7034
5821
0758
4287
1966
4130
6363
0884
5615
2913
1370
2060
4010
0412
1855
1098
1016
6364
2742
3825
6144
3179
0555
0428
0863
4044
5257
2664
3180
3059
1325
3434
8173
6606
1876
4139
1105
6278
5314
4145
3304
3123
4756
1579
5244
4881
4627
3721
0953
9008
4772
4408
1136
5986
3775
3250
5457
1566
1326
3937
4348
1845
2768
3294
4027
6208
6623
1001
6440
0407
0805
8037
6352
5995
5087
3077
2714
4323
2825
4606
2166
1505
1129
9012
8133
2437
0121
2526
6382
0650
4864
6475
9049
4554
1191
6698
6182
4062
6202
3661
0243
5791
3603
1607
5924
8027
5704
3592
6573
2587
0227
1753
5002
4494
1011
4506
6107
2034
1727
0474
1371
4430
7001
2519
6419
4414
3197
3996
8007
3768
6545
3853
4111
0233
6423
1871
0492
5082
3336
3540
2077
5949
1690
8248
1898
4342
2317
2799
1335
1012
5432
2898
6267
2956
4676
3446
2851
1052
3171
3615
0009
6431
6304
2094
1238
5145
6503
5362
5326
2304
1782
4668
3956
5182
1980
0153
5769
2681
4902
5270
2078
3547
6131
5866
1190
5699
0936
3981
5176
8045
3951
1207
3629
2704
0920
1123
0284
3619
1447
5105
0614
5009
1490
6266
3952
2085
7027
4774
1878
1383
4069
1411
2711
4917
6070
2489
4091
2027
0488
0965
0396
4128
6125
1942
8038
1927
3315
4156
1009
1852
1030
0832
1121
1868
6117
0938
1040
5428
0811
4071
2006
0346
5024
2926
1553
6660
1381
4634
5556
3795
3894
3150
2416
5693
3730
3676
3744
2238
5883
4085
3440
3169
6487
5803
0542
7019
5575
2426
1322
6371
3452
9029
6461
5472
6635
2144
1459
7009
4103
4395
4615
0317
3165
2620
1043
8013
5534
3050
2371
0277
1536
6421
5168
6220
4384
3453
0399
5018
4167
3660
2776
3118
0101
0050
3631
5578
0971
3438
3863
6372
1141
5291
5473
5219
8237
5808
2372
4302
9009
2191
0097
6474
4001
0908
0259
0595
1429
2857
3784
2625
1065
6652
5831
7022
2855
5746
0967
1511
1557
2665
3845
6318
2063
1218
5711
4176
3702
0634
5100
6547
3576
5368
6627
6072
4509
5415
8067
1267
3673
2355
2448
8202
4681
8203
0752
4552
1073
5633
3691
5739
5486
1937
3630
4737
8062
5901
5936
6049
3192
2309
5521
2957
3618
3476
2176
4438
6464
2022
4443
4324
2096
0669
1654
0064
2282
6012
3268
5623
0621
6450
0543
0315
5606
5932
5799
4767
2995
0223
6521
5904
6339
5305
4284
5252
5398
0163
5441
1903
1844
5223
1420
6567
2087
3312
4909
6355
5321
4492
0418
5462
6205
1742
1605
6520
3833
1765
5604
0932
1424
5562
8118
3840
4364
3964
6359
4250
4511
2655
6556
8223
2345
6682
3241
3916
0462
5595
3546
8102
2381
1806
4701
5745
5989
4215
2117
4810
5322
5898
3099
1087
2280
6441
3403
4074
1624
4481
3873
2224
6021
1699
4533
1718
2747
4269
1848
0385
3210
5036
4028
2692
0988
3989
2772
1088
3354
1308
1921
1342
2436
5581
7025
3217
5812
8043
3957
3472
5997
5231
3117
1837
1750
0364
5793
2563
3073
2205
0059
4360
0762
1416
2442
4151
1860
0020
4461
5221
2291
5400
3362
0672
2940
1351
0750
4183
2688
0102
6222
4522
0692
1113
2251
6477
3306
3482
3432
4625
0611
4882
1850
1160
3331
6023
0271
3535
6173
1183
3352
8091
2122
3256
3488
2542
4224
0114
1745
1796
1033
6609
0520
3527
3317
2701
4291
8093
8023
0195
0373
6156
0313
1947
2161
3220
4759
5178
0453
2064
2024
3944
5233
1428
2379
1694
2514
0006
2614
5110
5957
1167
5132
1582
1203
3459
2561
3958
4137
8193
6081
0209
5513
2892
0792
2516
2308
2385
1031
1266
2111
3120
4682
2322
3819
1436
6498
8144
1904
3986
0478
6224
6641
2578
1735
3186
2553
2881
5890
4869
6007
6469
0320
1366
4900
0679
5671
2090
6451
5645
2544
1656
4896
1053
3855
5474
0146
0345
8009
5797
2048
8074
2457
2713
1748
1358
0959
4256
6410
3490
1480
6345
2498
2398
1786
4296
3401
1108
3087
1569
1591
8165
5289
2452
1066
1986
8142
5506
6630
5596
5848
2370
1164
5788
6263
0906
6405
5550
1854
5850
1612
1444
6396
2948
2493
1468
6234
4464
1717
3620
6183
3803
1403
1513
1650
0310
2996
2438
1251
2568
6298
1556
3521
1288
0457
1425
8123
2984
0348
5361
2367
3946
0765
7021
4635
6103
5784
0668
3425
2795
6011
3861
4056
2415
2135
1801
1896
8115
1781
8147
6590
6512
3223
0479
3031
3029
2068
2316
6031
2419
7018
1057
2515
5391
0630
1247
0103
0389
5651
1319
1708
3823
6651
6424
0505
3357
2952
0460
6463
3477
1803
2744
3345
5770
4697
1590
0941
6027
6218
1997
0930
5910
8031
5317
3201
1862
5339
3913
1835
2020
2884
5820
0970
3474
0671
0526
5656
1386
5482
2600
9025
3101
2334
8103
1264
1285
1882
1793
2770
0835
4220
6204
1246
3173
2636
2565
5814
1021
6325
4583
8016
6505
4245
5200
0148
4721
2859
4024
3942
0187
0579
0491
1169
1382
1134
3598
0992
5272
5622
1766
3769
6114
2534
2640
8157
6326
3044
5854
2577
5194
5648
0707
0414
3531
5937
6514
2365
6538
1894
3056
5771
3379
6633
4172
0493
1125
9024
8130
1870
2086
5475
5553
2675
0895
0463
5559
5169
4350
5588
3891
1507
1317
2927
4325
0911
2384
5683
1122
0040
5364
2204
5977
1891
5208
6548
2529
1311
3013
5737
4722
5944
0400
3265
4445
4565
4321
3489
2298
0015
2522
1574
5602
5336
0690
4892
1309
4386
5015
0797
3997
6214
5564
2173
4271
3655
5188
6681
3359
3543
4587
0974
5416
4382
1663
5824
6264
5436
1982
5397
6184
3580
1897
6199
5807
1245
4239
3076
0477
0283
1773
6640
3390
0109
6490
5601
6458
0057
4169
1128
6407
5886
5520
5979
2012
6373
3696
5137
4422
6433
4905
2923
1863
4848
4070
2700
0371
0030
2575
2249
0443
6577
1320
5296
5907
6528
1404
0545
5405
5825
1120
3103
1013
2673
5551
8081
3626
1529
0199
2435
1995
1457
1024
3742
5959
6091
0045
5381
4099
6415
6566
3410
0176
2537
3961
3812
6647
2518
3796
2866
1703
0086
6060
3497
3555
6472
3573
6671
0361
0628
5374
1880
5763
2947
3212
1263
6044
0454
3566
1814
5487
3537
1302
8025
5229
7006
0778
2139
1758
8107
1279
4331
6575
6317
5885
5127
5237
5241
6589
5125
1276
1028
1819
5495
1022
6110
4268
1925
0204
2628
4297
8053
1158
2359
4913
5519
6465
0465
0698
3719
9004
3478
2941
1230
5429
5999
3924
6347
4582
6140
1278
4290
1533
3836
0202
5330
4195
4563
4817
5514
1644
3079
4254
6648
6525
1231
4825
4164
0312
6324
0051
4484
3750
6455
3909
2867
6417
4362
6008
0422
2574
1534
0419
3277
3583
1908
8047
6135
5980
2273
5962
1014
4507
4228
5523
6028
1555
5014
6378
6242
0883
5840
4528
0358
5902
3727
1438
0096
4322
0572
1034
0177
5107
6343
7007
4603
0993
4669
0291
4237
4500
5781
6511
3380
1900
3322
0950
0221
5593
6133
1281
2057
5390
5546
1633
2030
1941
2196
2133
6151
8211
4303
5790
1200
4032
3484
6293
1913
5801
6312
1341
1476
6460
1610
1434
8231
4149
2189
4656
4598
4698
5903
3085
3418
0395
6019
5171
8221
3054
1059
0053
7013
6101
3061
8215
1194
1954
1821
5370
3471
5580
1833
3752
5527
5775
5757
0804
1146
6568
2421
4844
2654
1292
0916
3675
4912
0365
1400
2642
1487
5409
0843
5685
1466
4317
0162
0638
5258
6233
2912
1988
5447
3348
4887
0456
0207
5333
2318
0839
3370
6706
1721
4898
2256
4833
4455
2647
4289
0640
0466
5955
3134
5118
3319
6574
5696
7028
2937
5822
5439
6316
1168
0512
5969
6275
1209
0224
1615
5041
1259
2989
0748
5341
5653
3502
0374
2492
0366
6636
6116
0887
8030
0172
1651
0081
1809
6375
1645
4750
4150
8134
8183
4407
2362
6030
6483
3558
5538
6000
0653
4064
4244
5843
6581
2257
1199
2059
5744
1219
6038
0685
4790
1036
2876
2458
2032
0068
3498
1865
5511
5975
6058
3455
0441
1869
7032
1799
0535
8008
5664
6564
1186
0943
1233
6390
3596
4421
1324
4313
4031
5621
2998
5001
5958
4731
5139
5262
5591
4058
3139
2433
1701
1785
3221
5637
5597
1498
5916
0990
8113
2486
4466
4017
8079
5379
4604
1691
2321
8131
1832
2707
0514
0607
1969
3728
5378
5232
0343
3447
0642
5806
1707
2490
3313
5282
3725
0985
4585
2440
4126
5414
4463
0807
1596
5275
4134
3098
6305
1015
6391
3790
1426
0670
5970
9045
6301
0591
0538
1754
6412
3849
2604
3736
1592
2708
5967
4550
3492
1693
1092
4003
1677
6163
0276
0164
5175
4337
5366
2209
0845
0490
5496
6588
4792
3172
0571
9028
8256
5123
3553
8132
6608
8236
4560
1716
3856
5328
6676
2596
9043
1674
0857
1025
4901
3461
0403
3119
1652
5259
0981
1752
5092
4274
5864
1151
2258
3280
0226
5097
1563
4081
3993
6213
0072
5524
1409
6040
3067
0896
3364
1484
2266
7035
2302
5408
0087
6524
4277
5016
1208
5677
6303
2339
6436
1684
4769
1972
1058
4168
5256
9018
0354
2281
3977
8094
1018
3848
3953
4647
3842
1106
5626
1565
2042
0723
4712
6296
0511
0631
5300
0161
6268
3734
3541
6663
3762
1930
1575
0510
2134
0336
3388
5279
4385
5939
1239
1195
1495
0706
5592
0115
6543
1465
0157
3248
2619
0977
8250
5614
5315
6708
2662
0104
5851
0682
6020
1503
1299
5710
6002
6668
0714
4766
0307
5242
0501
5079
5543
0540
5019
3843
1458
4777
0044
3625
0126
6491
2105
4706
4015
3069
4199
2758
0286
4584
2709
6447
0782
5210
2933
2556
6120
5735
1177
6100
9036
4744
3968
1723
4736
5402
8155
3882
0766
3135
1023
6323
3398
0222
4432
1987
0565
2323
0697
5569
6098
1075
4610
4006
5870
2899
2299
3063
3423
3162
6349
3906
1139
3394
0105
6147
2267
5246
6669
2904
0473
0380
0038
3377
5167
3822
3723
1148
1161
4122
2262
3360
4805
8234
5338
2848
3601
2631
1519
0878
5112
1433
5138
5727
6003
2158
5033
2203
5610
4671
0216
1901
6245
3090
2626
2639
5891
4558
4142
1517
6057
1537
2378
4409
1346
5467
4082
3339
6322
5798
0074
0339
0173
2265
3444
3685
0058
1795
4377
5109
1992
2558
5102
4588
0298
6314
5549
4332
2468
4673
1741
4468
0170
0408
4451
3247
2307
6165
4519
2472
4101
0369
6446
4689
6261
5020
1179
3875
4079
2018
3246
8204
1415
6515
5966
2627
4267
3270
1206
2455
4187
5111
8076
4375
2244
8054
1504
5156
2163
2045
0362
1132
5629
0211
6043
3883
3707
3548
3617
4652
2088
1974
5173
5613
6677
2478
1157
6283
3898
0610
3467
6276
5407
5985
6366
6121
6180
5515
0472
1478
1931
0304
2661
4541
2428
4335
4501
4392
1315
8245
1070
1293
2141
5960
2474
2729
8048
0212
4794
2936
5404
6518
2502
5273
5679
4200
1097
0027
2960
5287
5384
5976
4789
6075
2051
4180
3195
2375
0089
1963
5525
4485
0255
5782
4182
2552
5128
3113
4886
1614
1734
1841
4597
4419
6701
5616
6013
6061
4471
3291
2543
1301
2781
5660
0674
1401
3100
2916
1350
6055
5491
5816
1713
3797
4576
6530
1619
9050
4146
4251
0616
1421
3810
2432
8143
3389
5417
0099
1934
6260
2828
0564
5251
1336
1576
0922
5749
0160
5089
1976
2880
5126
2091
2536
1985
0127
5577
1595
7023
8061
5286
3999
5068
6128
3299
3880
2716
6001
4546
5512
0094
2001
4204
0327
0458
4888
3278
2523
1681
9016
3128
6408
4486
0378
6678
2939
6169
4751
2029
6289
8170
4107
0234
3737
3973
3414
6150
